2.000000000000000000e+00 0.000000000000000000e+00 3.692307692307692513e-01 1.372549019607843257e-01 4.029850746268656692e-01 8.333333333333333703e-01 5.523232570901710492e-01 1.863256933276224714e-01 8.439749326390212358e-01 2.631578947368420907e-01 1.581481481481481488e-01 6.918960244648318658e-02 1.610000000000000000e+02 8.900000000000000000e+01
3.000000000000000000e+00 0.000000000000000000e+00 4.461538461538461786e-01 2.352941176470587925e-01 2.089552238805970352e-01 4.444444444444444198e-01 2.456198575081605384e-01 4.423161871706612902e-02 9.586419341966051499e-01 2.399020807833537328e-01 1.548148148148148218e-01 9.403669724770641336e-02 1.600000000000000000e+02 9.300000000000000000e+01
6.000000000000000000e+00 0.000000000000000000e+00 4.000000000000000777e-01 9.803921568627450844e-02 1.641791044776119424e-01 5.000000000000000000e-01 2.721515863689776826e-01 6.433425495325337251e-02 9.549079292788773543e-01 2.150142798857609117e-01 1.933333333333333570e-01 1.817660550458715385e-01 1.010000000000000000e+02 7.100000000000000000e+01
8.000000000000000000e+00 1.000000000000000000e+00 3.692307692307692513e-01 5.294117647058823595e-01 4.328358208955223607e-01 6.481481481481481399e-01 3.196928044032529836e-01 6.420012573958519542e-02 9.437309160239628625e-01 2.615259077927376552e-01 1.677777777777777757e-01 1.028287461773700340e-01 1.360000000000000000e+02 9.300000000000000000e+01
9.000000000000000000e+00 0.000000000000000000e+00 3.846153846153846367e-01 1.960784313725490169e-01 4.328358208955223607e-01 3.888888888888888951e-01 5.429746516703038983e-01 4.347559864709499289e-02 9.643469532728060623e-01 2.501019991840065515e-01 1.703703703703703665e-01 1.250000000000000000e-01 1.230000000000000000e+02 7.300000000000000000e+01
1.000000000000000000e+01 0.000000000000000000e+00 4.153846153846154077e-01 2.941176470588235392e-01 4.776119402985074536e-01 3.333333333333333148e-01 5.213373578353197590e-01 5.123382971925612844e-02 9.571793065519632604e-01 2.105263157894736725e-01 1.303703703703703864e-01 1.628440366972477016e-01 1.240000000000000000e+02 6.200000000000000000e+01
1.100000000000000000e+01 0.000000000000000000e+00 4.153846153846154077e-01 1.568627450980392135e-01 1.940298507462686617e-01 5.925925925925925597e-01 2.740503081258308105e-01 5.082499518922150433e-02 6.283237287421136186e-01 1.791105671154630541e-01 3.077777777777777612e-01 1.240443425076452472e-01 1.260000000000000000e+02 7.800000000000000000e+01
1.200000000000000000e+01 0.000000000000000000e+00 4.923076923076923350e-01 2.941176470588235392e-01 5.074626865671642006e-01 5.925925925925925597e-01 5.556499640653851380e-01 8.265854598400303177e-02 9.286400761703776929e-01 2.851897184822521081e-01 1.262962962962962954e-01 1.714449541284403800e-01 1.080000000000000000e+02 7.300000000000000000e+01
1.300000000000000000e+01 1.000000000000000000e+00 5.692307692307692069e-01 3.921568627450980338e-01 2.835820895522387919e-01 2.037037037037036924e-01 2.419842202450897262e-01 1.778956252567195639e-01 8.332563949050376673e-01 4.798041615667074655e-01 1.788888888888888751e-01 1.217507645259938709e-01 8.900000000000000000e+01 4.200000000000000000e+01
1.400000000000000000e+01 0.000000000000000000e+00 4.000000000000000777e-01 9.803921568627450844e-02 1.641791044776119424e-01 3.148148148148148251e-01 2.721515863689776826e-01 1.205537781053491742e-01 8.540150321694134350e-01 4.063647490820073149e-01 2.011111111111111016e-01 1.964831804281345351e-01 9.800000000000000000e+01 5.600000000000000000e+01
1.500000000000000000e+01 1.000000000000000000e+00 9.230769230769231282e-02 4.901960784313725283e-01 7.313432835820895539e-01 7.777777777777777901e-01 6.464774511449701277e-01 8.360861030341636135e-02 9.243469691855269454e-01 2.672378620971032070e-01 2.981481481481481621e-01 4.720948012232415586e-02 1.240000000000000000e+02 8.500000000000000000e+01
1.600000000000000000e+01 0.000000000000000000e+00 4.000000000000000777e-01 9.803921568627450844e-02 2.238805970149253810e-01 4.814814814814814548e-01 3.502318281013933610e-01 1.416070773759317281e-01 8.574038650152188135e-01 5.112199102407181117e-01 3.140740740740741166e-01 1.368501529051987797e-01 1.370000000000000000e+02 8.000000000000000000e+01
1.700000000000000000e+01 0.000000000000000000e+00 4.153846153846154077e-01 1.960784313725490169e-01 3.134328358208955390e-01 4.259259259259258745e-01 3.967265402048010814e-01 9.457860114946453622e-02 9.104271629644550279e-01 2.786617707058343663e-01 1.785185185185185208e-01 1.118119266055045968e-01 1.170000000000000000e+02 7.000000000000000000e+01
1.800000000000000000e+01 0.000000000000000000e+00 4.615384615384615086e-01 2.941176470588235392e-01 5.820895522388059851e-01 5.925925925925925597e-01 6.414314796405488073e-01 1.778467588353449258e-01 8.281937628350540814e-01 4.879640962872297538e-01 1.729629629629629850e-01 1.079892966360856271e-01 1.180000000000000000e+02 7.100000000000000000e+01
1.900000000000000000e+01 0.000000000000000000e+00 9.230769230769231282e-02 9.803921568627450844e-02 3.880597014925373234e-01 5.925925925925925597e-01 5.649524928655362821e-01 1.297093693724137020e-01 9.073517609123595840e-01 3.761729906160750647e-01 1.670370370370370117e-01 2.094801223241590238e-01 1.070000000000000000e+02 6.300000000000000000e+01
2.100000000000000000e+01 0.000000000000000000e+00 4.153846153846154077e-01 9.803921568627450844e-02 3.134328358208955390e-01 5.185185185185184897e-01 4.673521907000166564e-01 1.349099145335038441e-01 8.520545706118384244e-01 4.957160342717257806e-01 1.918518518518518567e-01 1.246177370030581016e-01 1.780000000000000000e+02 8.600000000000000000e+01
2.200000000000000000e+01 1.000000000000000000e+00 5.384615384615384359e-01 4.313725490196078649e-01 2.835820895522387919e-01 7.592592592592591894e-01 2.208593712046062751e-01 1.118790900438587088e-01 8.912303326698337580e-01 4.467564259485923839e-01 1.544444444444444398e-01 1.307339449541284337e-01 1.240000000000000000e+02 7.500000000000000000e+01
2.300000000000000000e+01 0.000000000000000000e+00 6.153846153846154188e-02 2.941176470588235392e-01 2.388059701492537268e-01 4.444444444444444198e-01 2.468365079947959784e-01 1.015611781708555400e-01 9.058090125479202337e-01 2.892696858425132800e-01 1.914814814814815025e-01 1.221330275229357970e-01 9.500000000000000000e+01 5.700000000000000000e+01
2.400000000000000000e+01 0.000000000000000000e+00 3.846153846153846367e-01 9.803921568627450844e-02 1.791044776119402882e-01 5.000000000000000000e-01 2.916716468020815189e-01 1.197519550171388253e-01 8.877439056787056471e-01 4.059567523459812199e-01 1.848148148148147929e-01 1.093272171253822506e-01 1.140000000000000000e+02 6.500000000000000000e+01
2.500000000000000000e+01 1.000000000000000000e+00 4.615384615384615086e-01 4.509803921568627527e-01 6.567164179104477695e-01 3.703703703703704053e-01 5.996105593488023633e-01 1.504259128907497745e-01 8.586079682092466747e-01 2.647898816809465816e-01 3.485185185185185053e-01 1.752675840978593358e-01 1.610000000000000000e+02 8.900000000000000000e+01
2.600000000000000000e+01 1.000000000000000000e+00 5.076923076923076650e-01 4.901960784313725283e-01 5.074626865671642006e-01 5.555555555555555802e-01 4.185182678864038386e-01 1.541418931544523419e-01 8.625376707352551131e-01 2.904936760505916205e-01 1.970370370370370383e-01 1.368501529051987797e-01 1.250000000000000000e+02 7.500000000000000000e+01
2.700000000000000000e+01 1.000000000000000000e+00 4.615384615384615086e-01 4.901960784313725283e-01 5.074626865671642006e-01 9.444444444444443088e-01 4.185182678864038386e-01 1.666384029351100915e-01 8.330512819862648799e-01 2.966136270909832673e-01 1.837037037037037024e-01 5.198776758409786453e-02 1.150000000000000000e+02 6.400000000000000000e+01
2.900000000000000000e+01 1.000000000000000000e+00 4.615384615384615086e-01 4.901960784313725283e-01 3.582089552238805763e-01 7.222222222222222099e-01 2.665454790473594793e-01 7.419307295709128003e-02 6.260137325816148568e-01 2.064463484292125839e-01 1.051851851851852010e-01 7.243883792048930181e-02 1.290000000000000000e+02 8.100000000000000000e+01
3.000000000000000000e+01 1.000000000000000000e+00 9.076923076923076872e-01 4.901960784313725283e-01 5.074626865671642006e-01 3.888888888888888951e-01 4.185182678864038386e-01 1.111792162638736148e-01 9.010575678939022337e-01 2.382700938392493251e-01 1.455555555555555769e-01 1.064602446483180476e-01 1.730000000000000000e+02 9.000000000000000000e+01
3.100000000000000000e+01 0.000000000000000000e+00 6.923076923076921796e-01 9.803921568627450844e-02 3.134328358208955390e-01 5.370370370370370905e-01 4.673521907000166564e-01 1.976324443993223712e-01 7.341173534736994410e-01 5.671154630762954563e-01 6.329629629629629495e-01 1.322629969418960272e-01 1.820000000000000000e+02 1.020000000000000000e+02
3.200000000000000000e+01 1.000000000000000000e+00 3.538461538461538658e-01 4.901960784313725283e-01 4.328358208955223607e-01 2.592592592592592449e-01 3.425318734668816312e-01 1.229013879746915366e-01 8.745547128910007295e-01 3.051815585475316506e-01 1.692592592592592482e-01 1.011085626911314983e-01 1.100000000000000000e+02 6.400000000000000000e+01
3.400000000000000000e+01 0.000000000000000000e+00 5.846153846153846478e-01 1.176470588235293963e-01 1.791044776119402882e-01 5.185185185185184897e-01 2.793026352176121718e-01 1.196729606087239967e-01 8.691429964710852829e-01 3.113015095879232974e-01 1.803703703703703753e-01 1.053134556574923525e-01 1.390000000000000000e+02 8.500000000000000000e+01
3.500000000000000000e+01 1.000000000000000000e+00 5.999999999999999778e-01 4.705882352941175850e-01 5.223880597014924909e-01 6.111111111111111605e-01 4.465226370492443864e-01 1.440013099836101318e-01 8.533992246726184172e-01 3.170134638922888493e-01 2.055555555555555192e-01 7.645259938837919989e-02 1.530000000000000000e+02 7.200000000000000000e+01
3.800000000000000000e+01 0.000000000000000000e+00 4.153846153846154077e-01 2.941176470588235392e-01 1.791044776119402882e-01 6.481481481481481399e-01 1.782112955346650818e-01 1.107560803596215337e-01 9.015181334850366213e-01 2.705018359853121335e-01 1.751851851851851938e-01 1.293960244648318103e-01 1.500000000000000000e+02 9.600000000000000000e+01
4.000000000000000000e+01 1.000000000000000000e+00 3.846153846153846367e-01 3.921568627450980338e-01 2.985074626865671377e-01 3.703703703703704053e-01 2.581165015947624042e-01 1.148371274946610177e-01 8.846154173459103154e-01 3.618931048551611851e-01 2.492592592592592637e-01 6.766055045871559315e-02 1.160000000000000000e+02 5.600000000000000000e+01
4.100000000000000000e+01 0.000000000000000000e+00 3.846153846153846367e-01 1.960784313725490169e-01 2.089552238805970352e-01 2.592592592592592449e-01 2.687594426724860819e-01 1.100078872609571295e-01 8.954348209321500995e-01 3.186454508363932847e-01 2.081481481481481655e-01 1.206039755351682036e-01 1.030000000000000000e+02 6.500000000000000000e+01
4.300000000000000000e+01 1.000000000000000000e+00 4.923076923076923350e-01 1.960784313725490169e-01 7.313432835820895539e-01 6.481481481481481399e-01 9.085949303340608019e-01 6.578752894944477070e-02 9.535573538752893930e-01 3.210934312525499656e-01 2.455555555555556102e-01 1.544342507645259932e-01 1.410000000000000000e+02 7.200000000000000000e+01
4.500000000000000000e+01 1.000000000000000000e+00 9.076923076923076872e-01 3.921568627450980338e-01 1.343283582089552231e-01 1.296296296296296224e-01 8.066140674836318192e-02 1.871427632997023915e-01 8.763418793525685757e-01 2.366381068951448341e-01 1.466666666666666674e-01 1.420107033639143868e-01 1.600000000000000000e+02 7.700000000000000000e+01
4.700000000000000000e+01 0.000000000000000000e+00 6.307692307692307487e-01 5.882352941176469813e-02 1.343283582089552231e-01 5.185185185185184897e-01 2.570124890973575216e-01 9.374575155680205107e-02 9.215826175142728394e-01 3.157894736842105088e-01 2.137037037037037013e-01 1.097094801223241628e-01 1.330000000000000000e+02 7.600000000000000000e+01
4.800000000000000000e+01 0.000000000000000000e+00 7.230769230769230616e-01 2.549019607843137081e-01 1.940298507462686617e-01 2.407407407407407274e-01 2.167848006316269727e-01 1.807157910934803213e-01 8.185205851566227375e-01 4.161566707466340387e-01 3.833333333333333037e-01 1.284403669724770714e-01 1.420000000000000000e+02 9.000000000000000000e+01
5.000000000000000000e+01 1.000000000000000000e+00 4.769230769230769496e-01 4.509803921568627527e-01 4.328358208955223607e-01 5.185185185185184897e-01 3.661914693483570571e-01 9.815688540661508810e-02 9.010228079012603253e-01 4.492044063647490648e-01 2.081481481481481655e-01 1.263379204892966234e-01 1.540000000000000000e+02 8.800000000000000000e+01
5.100000000000000000e+01 1.000000000000000000e+00 6.923076923076921796e-01 3.333333333333333148e-01 4.328358208955223607e-01 7.592592592592591894e-01 4.425036089689873275e-01 6.219194751093950341e-02 9.396773988866846672e-01 3.565891472868216727e-01 2.425925925925925819e-01 1.590214067278287458e-01 1.730000000000000000e+02 1.070000000000000000e+02
5.200000000000000000e+01 1.000000000000000000e+00 6.769230769230768496e-01 3.529411764705882582e-01 3.582089552238805763e-01 3.888888888888888951e-01 3.465444035346521567e-01 7.898353013764129738e-02 9.381881748582595604e-01 5.189718482252142495e-01 4.122222222222222676e-01 1.406727828746177356e-01 1.110000000000000000e+02 6.200000000000000000e+01
5.300000000000000000e+01 1.000000000000000000e+00 6.923076923076921796e-01 4.901960784313725283e-01 2.835820895522387919e-01 5.925925925925925597e-01 1.905590846278373274e-01 1.633611585996835869e-01 8.188030000844680467e-01 3.186454508363933402e-01 2.029629629629629284e-01 9.785932721712538307e-02 1.070000000000000000e+02 6.300000000000000000e+01
5.400000000000000000e+01 1.000000000000000000e+00 4.000000000000000777e-01 2.941176470588235392e-01 3.582089552238805763e-01 3.518518518518518601e-01 3.840869329150578548e-01 2.164814880381514817e-01 8.112455029696312714e-01 3.508771929824561209e-01 1.970370370370370383e-01 8.772935779816513902e-02 1.280000000000000000e+02 6.600000000000000000e+01
5.500000000000000000e+01 1.000000000000000000e+00 9.230769230769231282e-02 7.058823529411765163e-01 7.313432835820895539e-01 3.148148148148148251e-01 4.942379294419033120e-01 3.440439373107493926e-01 3.221857263824502993e-01 9.669522643818849461e-02 6.999999999999999278e-02 1.515672782874617763e-01 1.310000000000000000e+02 8.800000000000000000e+01
5.600000000000000000e+01 1.000000000000000000e+00 8.153846153846154854e-01 1.960784313725490169e-01 2.835820895522387919e-01 1.000000000000000000e+00 3.601645123384253355e-01 9.584776948063146451e-02 9.129401098706068085e-01 2.562219502243981983e-01 1.559259259259259123e-01 1.108562691131498440e-01 1.140000000000000000e+02 7.500000000000000000e+01
5.700000000000000000e+01 1.000000000000000000e+00 6.307692307692307487e-01 4.313725490196078649e-01 1.492537313432835688e-01 1.000000000000000000e+00 7.912563253690424458e-02 1.483911610332139530e-01 8.409753057633478912e-01 2.937576499388004914e-01 1.700000000000000122e-01 7.549694189602446093e-02 1.390000000000000000e+02 8.400000000000000000e+01
5.800000000000000000e+01 0.000000000000000000e+00 4.615384615384615086e-01 2.549019607843137081e-01 2.089552238805970352e-01 2.777777777777777901e-01 2.343781895013929140e-01 1.864521673949845193e-01 7.896018152499100218e-01 3.492452060383516854e-01 2.148148148148148195e-01 1.297782874617736948e-01 1.100000000000000000e+02 6.300000000000000000e+01
6.000000000000000000e+01 1.000000000000000000e+00 8.307692307692308153e-01 2.941176470588235392e-01 3.582089552238805763e-01 6.111111111111111605e-01 3.840869329150578548e-01 8.737543260955800417e-02 9.464985225819481096e-01 3.166054671562627543e-01 2.366666666666666641e-01 1.712538226299694377e-01 1.000000000000000000e+02 5.400000000000000000e+01
6.100000000000000000e+01 1.000000000000000000e+00 3.692307692307692513e-01 4.509803921568627527e-01 4.925373134328358549e-01 1.296296296296296224e-01 4.284365600151425202e-01 1.591325783358308044e-01 8.622116922876204015e-01 4.916360669114647197e-01 1.725925925925926030e-01 1.127675840978593219e-01 1.170000000000000000e+02 7.400000000000000000e+01
6.200000000000000000e+01 1.000000000000000000e+00 6.307692307692307487e-01 3.921568627450980338e-01 4.328358208955223607e-01 5.000000000000000000e-01 4.033070337418162565e-01 8.207292274781410879e-02 9.324569094520014367e-01 3.231334149326805516e-01 1.725925925925926030e-01 1.410550458715596200e-01 1.170000000000000000e+02 7.400000000000000000e+01
6.300000000000000000e+01 0.000000000000000000e+00 5.230769230769231060e-01 2.156862745098039325e-01 2.835820895522387919e-01 1.851851851851852027e-01 3.473153693680448018e-01 3.085139072712386743e-01 7.702223871492579477e-01 3.370053039575682807e-01 2.266666666666666829e-01 9.900611620795107815e-02 1.010000000000000000e+02 6.300000000000000000e+01
6.400000000000000000e+01 1.000000000000000000e+00 9.384615384615383471e-01 9.803921568627450844e-02 1.343283582089552231e-01 6.851851851851852304e-01 2.331114655027698157e-01 7.077036544378240146e-02 9.339653303023670583e-01 4.663402692778457204e-01 3.092592592592592893e-01 1.716360856269113222e-01 1.220000000000000000e+02 7.300000000000000000e+01
6.500000000000000000e+01 1.000000000000000000e+00 5.999999999999999778e-01 3.921568627450980338e-01 2.089552238805970352e-01 4.629629629629629650e-01 1.613228134967264471e-01 9.590413256721157242e-02 9.279919321090847051e-01 2.819257445940432372e-01 1.933333333333333570e-01 1.305428134556574915e-01 1.110000000000000000e+02 7.600000000000000000e+01
6.600000000000000000e+01 0.000000000000000000e+00 1.384615384615384692e-01 3.137254901960784270e-01 1.194029850746268634e-01 6.111111111111111605e-01 1.002378470806789129e-01 1.517460745883222606e-01 8.728118346641943193e-01 2.864137086903305041e-01 2.025925925925925741e-01 1.018730886850152811e-01 1.050000000000000000e+02 7.000000000000000000e+01
6.700000000000000000e+01 0.000000000000000000e+00 3.230769230769230949e-01 1.372549019607843257e-01 1.940298507462686617e-01 2.777777777777777901e-01 2.861866990730428939e-01 9.825199934129953683e-02 9.049539932802316278e-01 4.308445532435740688e-01 2.251851851851851827e-01 1.202217125382262913e-01 1.000000000000000000e+02 6.300000000000000000e+01
8.300000000000000000e+01 0.000000000000000000e+00 8.615384615384615863e-01 9.803921568627450844e-02 8.955223880597014408e-02 9.074074074074074403e-01 1.745512842034581402e-01 2.338113488821585151e-01 7.469018460421813499e-01 5.756833945328437840e-01 2.011111111111111016e-01 1.209862385321101019e-01 1.820000000000000000e+02 8.000000000000000000e+01
8.400000000000000000e+01 0.000000000000000000e+00 8.461538461538461453e-01 9.803921568627450844e-02 2.089552238805970352e-01 3.148148148148148251e-01 3.307117676682893581e-01 1.316634570808074278e-01 8.513676237093071864e-01 4.210526315789473450e-01 5.381481481481481532e-01 9.327217125382263052e-02 1.060000000000000000e+02 5.300000000000000000e+01
8.500000000000000000e+01 0.000000000000000000e+00 5.692307692307692069e-01 3.725490196078431460e-01 2.537313432835821003e-01 3.888888888888888951e-01 2.201784094008248926e-01 1.288416884084632452e-01 8.782846940810874470e-01 2.774377804977560258e-01 1.581481481481481488e-01 1.481269113149847050e-01 1.580000000000000000e+02 8.900000000000000000e+01
8.600000000000000000e+01 0.000000000000000000e+00 7.692307692307692735e-01 2.745098039215686514e-01 6.567164179104477695e-01 4.074074074074073848e-01 7.445314895591182980e-01 1.924427532389512419e-01 8.371635021200791726e-01 2.464300285597715023e-01 2.918518518518518623e-01 1.316896024464831727e-01 1.700000000000000000e+02 8.700000000000000000e+01
8.700000000000000000e+01 0.000000000000000000e+00 8.769230769230769162e-01 2.941176470588235392e-01 2.835820895522387919e-01 6.111111111111111605e-01 2.983054173398941855e-01 2.668747792423058485e-01 7.203258423301157620e-01 3.398612811097511677e-01 1.803703703703703753e-01 7.511467889908256257e-02 1.640000000000000000e+02 7.300000000000000000e+01
8.800000000000000000e+01 0.000000000000000000e+00 8.615384615384615863e-01 1.568627450980392135e-01 3.582089552238805763e-01 4.444444444444444198e-01 4.804331077837921682e-01 5.664149310031450085e-02 9.427715061723095369e-01 3.810689514483884266e-01 3.451851851851852060e-01 1.506116207951070374e-01 1.200000000000000000e+02 6.900000000000000000e+01
8.900000000000000000e+01 0.000000000000000000e+00 8.153846153846154854e-01 1.372549019607843257e-01 2.985074626865671377e-01 2.037037037037036924e-01 4.192549780816068883e-01 7.417838263205472904e-02 9.266819906968412068e-01 2.925336597307221509e-01 2.088888888888889017e-01 2.442660550458715940e-01 1.000000000000000000e+02 5.500000000000000000e+01
9.000000000000000000e+01 1.000000000000000000e+00 6.461538461538461897e-01 4.117647058823529771e-01 8.059701492537313383e-01 6.111111111111111605e-01 7.891739215478383862e-01 1.125463207930792603e-01 8.915703419913608707e-01 2.896776825785393750e-01 1.877777777777777934e-01 9.059633027522935589e-02 1.280000000000000000e+02 7.700000000000000000e+01
9.100000000000000000e+01 0.000000000000000000e+00 4.923076923076923350e-01 2.941176470588235392e-01 4.179104477611940704e-01 3.518518518518518601e-01 4.527121453751887792e-01 2.014603023032995044e-01 8.281794834438295227e-01 3.410852713178294526e-01 4.211111111111111582e-01 1.259556574923547390e-01 1.160000000000000000e+02 5.800000000000000000e+01
9.200000000000000000e+01 0.000000000000000000e+00 4.923076923076923350e-01 2.941176470588235392e-01 4.179104477611940704e-01 3.888888888888888951e-01 4.527121453751887792e-01 1.794871202391945253e-01 8.437370936757054851e-01 7.042023663810690337e-01 2.155555555555555836e-01 9.824159021406729531e-02 1.280000000000000000e+02 7.600000000000000000e+01
9.300000000000000000e+01 1.000000000000000000e+00 5.076923076923076650e-01 4.705882352941175850e-01 4.179104477611940704e-01 4.814814814814814548e-01 3.388790139893422260e-01 1.880818649876593307e-01 7.758555953426554685e-01 5.140758873929008876e-01 3.340740740740741344e-01 1.446865443425076336e-01 1.610000000000000000e+02 9.500000000000000000e+01
9.500000000000000000e+01 0.000000000000000000e+00 6.615384615384615197e-01 3.529411764705882582e-01 5.373134328358208922e-01 1.296296296296296224e-01 5.449115350389637236e-01 1.524079870087898247e-01 8.690522529894324499e-01 3.541411668706650473e-01 2.466666666666666730e-01 1.353211009174311863e-01 1.530000000000000000e+02 7.100000000000000000e+01
9.600000000000000000e+01 0.000000000000000000e+00 8.461538461538461453e-01 2.549019607843137081e-01 3.880597014925373234e-01 3.703703703703704053e-01 4.454988559385847924e-01 1.770553578807171069e-01 7.991443897772749771e-01 4.279885760913912929e-01 1.737037037037036935e-01 1.142966360856269015e-01 1.360000000000000000e+02 7.100000000000000000e+01
9.700000000000000000e+01 1.000000000000000000e+00 8.461538461538461453e-01 4.509803921568627527e-01 5.820895522388059851e-01 2.592592592592592449e-01 5.218041960153206871e-01 2.825256027070114917e-01 8.797701992341727673e-01 4.394124847001223966e-01 1.414814814814814858e-01 2.020259938837920544e-01 1.430000000000000000e+02 6.500000000000000000e+01
9.800000000000000000e+01 1.000000000000000000e+00 7.230769230769230616e-01 4.901960784313725283e-01 4.925373134328358549e-01 3.333333333333333148e-01 4.033209890024993527e-01 1.189493741292774603e-01 8.937745079218665234e-01 3.574051407588739182e-01 2.362962962962963098e-01 1.007262996941895999e-01 1.160000000000000000e+02 6.500000000000000000e+01
9.900000000000000000e+01 1.000000000000000000e+00 8.769230769230769162e-01 4.901960784313725283e-01 3.582089552238805763e-01 5.185185185185184897e-01 2.665454790473594793e-01 1.539071850175242062e-01 8.652443810105162614e-01 2.962056303549571723e-01 1.944444444444444198e-01 1.183103975535168134e-01 1.330000000000000000e+02 7.100000000000000000e+01
1.000000000000000000e+02 0.000000000000000000e+00 7.230769230769230616e-01 9.803921568627450844e-02 4.029850746268656692e-01 3.888888888888888951e-01 5.844725532986402294e-01 1.251679919278609610e-01 9.067468987679188075e-01 2.407180742554059505e-01 1.562962962962962943e-01 1.926605504587155793e-01 1.400000000000000000e+02 8.200000000000000000e+01
1.030000000000000000e+02 0.000000000000000000e+00 6.461538461538461897e-01 1.568627450980392135e-01 1.343283582089552231e-01 4.444444444444444198e-01 1.990020173411176652e-01 8.036661182299000006e-02 9.429155225334683310e-01 2.647898816809465816e-01 1.740740740740740755e-01 2.238149847094801359e-01 1.200000000000000000e+02 6.000000000000000000e+01
1.040000000000000000e+02 0.000000000000000000e+00 7.076923076923077316e-01 1.960784313725490169e-01 2.835820895522387919e-01 3.703703703703704053e-01 3.601645123384253355e-01 2.472363788119148198e-01 7.853700323031439501e-01 4.181966544267645691e-01 3.959259259259259589e-01 1.932339449541284615e-01 1.350000000000000000e+02 7.500000000000000000e+01
1.050000000000000000e+02 0.000000000000000000e+00 1.000000000000000000e+00 3.137254901960784270e-01 5.074626865671642006e-01 3.148148148148148251e-01 5.407777704387973783e-01 1.347675013536099031e-01 8.663968966127364446e-01 6.597307221542227929e-01 8.114814814814814703e-01 1.603593272171253969e-01 1.300000000000000000e+02 6.600000000000000000e+01
1.060000000000000000e+02 1.000000000000000000e+00 5.846153846153846478e-01 5.098039215686274161e-01 6.567164179104477695e-01 2.592592592592592449e-01 5.563129585772002006e-01 1.470256073988538137e-01 8.681839842732812507e-01 3.818849449204406721e-01 2.055555555555555747e-01 1.114296636085626985e-01 1.330000000000000000e+02 7.700000000000000000e+01
1.070000000000000000e+02 1.000000000000000000e+00 6.307692307692307487e-01 4.901960784313725283e-01 3.582089552238805763e-01 3.333333333333333148e-01 2.665454790473594793e-01 2.401798799996069655e-01 6.006482623917723807e-01 2.178702570379436876e-01 1.566666666666666485e-01 1.391437308868501421e-01 1.160000000000000000e+02 6.600000000000000000e+01
1.080000000000000000e+02 1.000000000000000000e+00 5.692307692307692069e-01 2.941176470588235392e-01 4.328358208955223607e-01 3.703703703703704053e-01 4.698684484902215241e-01 6.472429706314175579e-02 9.374472862320564204e-01 2.378620971032231746e-01 1.485185185185185219e-01 1.362767584097859253e-01 1.370000000000000000e+02 6.500000000000000000e+01
1.100000000000000000e+02 1.000000000000000000e+00 5.999999999999999778e-01 1.764705882352941291e-01 2.089552238805970352e-01 6.296296296296296502e-01 2.806687724611416357e-01 2.126269558976246199e-01 8.002505190798446799e-01 3.043655650754794051e-01 3.388888888888888506e-01 1.121941896024464952e-01 1.200000000000000000e+02 6.300000000000000000e+01
1.110000000000000000e+02 1.000000000000000000e+00 8.153846153846154854e-01 4.901960784313725283e-01 5.522388059701492935e-01 5.000000000000000000e-01 4.641101045381170742e-01 1.696197315622866297e-01 8.212965600429641411e-01 4.214606283149734955e-01 3.677777777777777590e-01 1.225152905198776815e-01 1.690000000000000000e+02 7.600000000000000000e+01
1.120000000000000000e+02 1.000000000000000000e+00 6.153846153846154188e-01 3.921568627450980338e-01 4.477611940298507620e-01 6.851851851851852304e-01 4.194393150914889623e-01 9.977568537479886146e-02 9.183278971546817715e-01 1.860465116279069742e-01 1.140740740740740639e-01 1.544342507645259932e-01 1.730000000000000000e+02 1.000000000000000000e+02
1.130000000000000000e+02 1.000000000000000000e+00 4.923076923076923350e-01 5.294117647058823595e-01 4.029850746268656692e-01 1.666666666666666574e-01 2.900009872220173368e-01 1.421748154481132231e-01 9.321746576786171801e-01 2.374541003671970518e-01 1.566666666666666763e-01 1.823394495412844207e-01 1.310000000000000000e+02 7.900000000000000000e+01
1.140000000000000000e+02 1.000000000000000000e+00 7.846153846153846034e-01 3.725490196078431460e-01 2.835820895522387919e-01 2.592592592592592449e-01 2.528376419814938880e-01 1.767270807389299259e-01 8.085868562144861160e-01 4.932680538555691552e-01 3.359259259259259056e-01 1.618883792048929626e-01 1.330000000000000000e+02 7.300000000000000000e+01
1.150000000000000000e+02 0.000000000000000000e+00 5.076923076923076650e-01 9.803921568627450844e-02 6.865671641791045721e-01 1.851851851851852027e-01 9.553537015276143407e-01 9.572986091018259591e-02 9.245234410427002336e-01 3.215014279885761161e-01 7.292592592592592737e-01 1.110474006116207862e-01 1.080000000000000000e+02 6.600000000000000000e+01
1.160000000000000000e+02 1.000000000000000000e+00 6.615384615384615197e-01 3.921568627450980338e-01 2.835820895522387919e-01 1.851851851851851749e-02 2.419842202450897262e-01 1.808619537911882735e-01 8.956929463420367776e-01 3.394532843737250172e-01 1.948148148148148018e-01 1.876911314984709700e-01 8.000000000000000000e+01 4.800000000000000000e+01
1.190000000000000000e+02 0.000000000000000000e+00 3.076923076923077094e-01 1.372549019607843257e-01 1.343283582089552231e-01 2.777777777777777901e-01 2.101476824967204449e-01 1.176357352543172946e-01 8.971064992882643585e-01 3.076295389636882760e-01 3.740740740740740589e-01 1.112385321100917285e-01 1.130000000000000000e+02 6.700000000000000000e+01
1.200000000000000000e+02 0.000000000000000000e+00 8.615384615384615863e-01 9.803921568627450844e-02 1.791044776119402882e-01 1.481481481481481399e-01 2.916716468020815189e-01 1.511976557039647895e-01 8.773001217230431692e-01 3.484292125662994954e-01 1.333333333333333315e-01 1.850152905198776676e-01 1.470000000000000000e+02 8.500000000000000000e+01
1.220000000000000000e+02 0.000000000000000000e+00 5.230769230769231060e-01 9.803921568627450844e-02 1.791044776119402882e-01 4.444444444444444198e-01 2.916716468020815189e-01 1.964394313188559948e-01 7.997137497820645535e-01 5.242758057935535954e-01 5.166666666666666075e-01 1.370412844036697220e-01 1.330000000000000000e+02 7.200000000000000000e+01
1.230000000000000000e+02 1.000000000000000000e+00 8.769230769230769162e-01 2.941176470588235392e-01 2.089552238805970352e-01 2.777777777777777901e-01 2.125239017647305440e-01 1.893362930152852064e-01 8.395926877852321057e-01 2.970216238270093623e-01 1.940740740740740655e-01 1.207951070336391458e-01 1.290000000000000000e+02 6.400000000000000000e+01
1.240000000000000000e+02 1.000000000000000000e+00 5.692307692307692069e-01 4.509803921568627527e-01 1.343283582089552231e-01 4.814814814814814548e-01 5.496601601442995672e-02 2.862198822406172294e-01 7.698444744866557166e-01 2.921256629946960559e-01 1.977777777777777468e-01 8.333333333333332871e-02 1.160000000000000000e+02 6.000000000000000000e+01
1.250000000000000000e+02 0.000000000000000000e+00 7.384615384615385025e-01 1.960784313725490169e-01 3.582089552238805763e-01 6.666666666666666297e-01 4.515695820043645892e-01 4.346171439237170309e-01 8.876280269613662233e-01 1.709506323949408213e-01 1.325925925925925952e-01 3.958333333333333148e-01 1.600000000000000000e+02 7.700000000000000000e+01
1.260000000000000000e+02 0.000000000000000000e+00 2.923076923076923239e-01 1.764705882352941291e-01 1.044776119402985176e-01 5.740740740740740700e-01 1.510343687584149441e-01 8.465512091757149138e-02 6.281000968527115091e-01 1.146470828233374234e-01 1.737037037037036935e-01 1.383792048929663732e-01 8.200000000000000000e+01 5.300000000000000000e+01
1.270000000000000000e+02 0.000000000000000000e+00 0.000000000000000000e+00 2.745098039215686514e-01 2.537313432835821003e-01 6.111111111111111605e-01 2.754663136123349787e-01 1.457940842725040376e-01 8.586973724280370091e-01 3.410852713178294526e-01 2.337037037037037190e-01 1.293960244648318103e-01 1.100000000000000000e+02 6.300000000000000000e+01
1.280000000000000000e+02 1.000000000000000000e+00 8.000000000000001554e-01 2.941176470588235392e-01 3.880597014925373234e-01 2.777777777777777901e-01 4.183995391451233448e-01 2.521983198692672734e-01 7.874681067388102917e-01 3.259893920848633275e-01 2.111111111111111382e-01 9.862385321100917979e-02 1.230000000000000000e+02 6.800000000000000000e+01
1.300000000000000000e+02 1.000000000000000000e+00 7.076923076923077316e-01 2.745098039215686514e-01 3.134328358208955390e-01 4.074074074074073848e-01 3.449574507896362441e-01 2.356437570643340751e-01 7.592389253579704400e-01 3.790289677682578406e-01 2.088888888888889017e-01 1.035932721712538168e-01 1.340000000000000000e+02 5.800000000000000000e+01
1.310000000000000000e+02 1.000000000000000000e+00 7.076923076923077316e-01 2.745098039215686514e-01 1.044776119402985176e-01 5.185185185185184897e-01 1.017384706690818846e-01 2.280570170623189286e-01 8.174127398914468046e-01 2.700938392492860385e-01 1.811111111111111116e-01 1.108562691131498440e-01 1.160000000000000000e+02 6.100000000000000000e+01
1.340000000000000000e+02 0.000000000000000000e+00 7.846153846153846034e-01 2.352941176470587925e-01 4.477611940298507204e-02 5.740740740740740700e-01 4.961941297924588740e-02 3.337741616055422411e-01 8.383677419793033048e-01 2.554059567523459529e-01 1.592592592592592393e-01 1.735474006116208001e-01 1.220000000000000000e+02 6.500000000000000000e+01
1.350000000000000000e+02 1.000000000000000000e+00 5.384615384615384359e-01 3.921568627450980338e-01 5.074626865671642006e-01 3.888888888888888951e-01 4.839684404901795634e-01 1.271541305262983423e-01 8.884712252264662657e-01 2.627498980008159957e-01 1.481481481481481399e-01 1.213685015290519864e-01 1.650000000000000000e+02 8.600000000000000000e+01
1.360000000000000000e+02 0.000000000000000000e+00 9.076923076923076872e-01 2.156862745098039325e-01 3.582089552238805763e-01 1.111111111111111049e-01 4.375523351275857897e-01 1.600229935910387480e-01 8.768019451660231667e-01 4.716442268461851772e-01 2.444444444444444364e-01 1.871177370030581155e-01 1.230000000000000000e+02 5.600000000000000000e+01
1.370000000000000000e+02 0.000000000000000000e+00 8.923076923076923572e-01 5.882352941176469813e-02 5.970149253731343170e-02 3.888888888888888951e-01 1.567565176435504193e-01 9.359907267918055052e-02 9.222072016711330145e-01 2.452060383516931896e-01 3.433333333333333237e-01 1.829128440366972475e-01 1.280000000000000000e+02 6.400000000000000000e+01
1.380000000000000000e+02 0.000000000000000000e+00 9.846153846153846700e-01 1.960784313725490169e-01 3.582089552238805763e-01 2.777777777777777901e-01 4.515695820043645892e-01 1.776245856005991552e-01 8.316261897723479235e-01 3.594451244390044486e-01 1.385185185185185130e-01 2.010703363914373154e-01 1.490000000000000000e+02 7.100000000000000000e+01
1.390000000000000000e+02 0.000000000000000000e+00 7.384615384615385025e-01 9.803921568627450844e-02 3.731343283582089776e-01 1.666666666666666574e-01 5.454324324324323348e-01 2.274766217047307082e-01 6.086904695872793480e-01 3.618931048551611851e-01 9.666666666666667851e-02 1.534785932721712542e-01 1.410000000000000000e+02 6.700000000000000000e+01
1.400000000000000000e+02 0.000000000000000000e+00 8.153846153846154854e-01 1.568627450980392135e-01 5.970149253731343170e-02 7.407407407407408106e-01 1.051916538602261086e-01 1.043636066271852042e-01 8.238411054199344941e-01 4.337005303957567892e-01 1.718518518518518390e-01 1.731651376146788879e-01 1.480000000000000000e+02 6.900000000000000000e+01
1.410000000000000000e+02 0.000000000000000000e+00 9.846153846153846700e-01 2.352941176470587925e-01 2.686567164179104461e-01 4.259259259259258745e-01 3.168927464277658812e-01 1.456551063699522974e-01 8.660754938917357704e-01 3.337413300693594098e-01 2.018518518518518379e-01 1.005351681957186577e-01 1.250000000000000000e+02 6.200000000000000000e+01
1.420000000000000000e+02 0.000000000000000000e+00 5.076923076923076650e-01 1.372549019607843257e-01 3.582089552238805763e-01 1.851851851851852027e-01 4.952939946579293373e-01 1.265392196586818119e-01 8.944778238115743685e-01 2.815177478580171422e-01 1.899999999999999745e-01 1.221330275229357970e-01 1.370000000000000000e+02 8.400000000000000000e+01
1.440000000000000000e+02 1.000000000000000000e+00 8.000000000000001554e-01 2.941176470588235392e-01 3.283582089552238847e-01 3.703703703703704053e-01 3.497743266849924204e-01 7.121332415356371182e-02 9.281183438014651843e-01 2.403100775193798277e-01 2.970370370370370439e-01 1.100917431192660750e-01 1.390000000000000000e+02 7.100000000000000000e+01
1.450000000000000000e+02 1.000000000000000000e+00 9.384615384615383471e-01 3.333333333333333148e-01 2.985074626865671377e-01 5.555555555555555802e-01 2.918858587135559346e-01 2.292042381299116693e-01 7.867165003414254842e-01 3.365973072215422413e-01 1.907407407407407385e-01 9.097859327217126812e-02 1.180000000000000000e+02 5.500000000000000000e+01
1.460000000000000000e+02 1.000000000000000000e+00 5.846153846153846478e-01 2.549019607843137081e-01 3.283582089552238847e-01 5.185185185185184897e-01 3.751253004595209162e-01 3.252992336993016931e-01 7.377735765255660771e-01 2.790697674418604612e-01 1.811111111111111116e-01 8.505351681957186438e-02 1.350000000000000000e+02 8.400000000000000000e+01
1.480000000000000000e+02 1.000000000000000000e+00 5.846153846153846478e-01 2.941176470588235392e-01 4.776119402985074536e-01 4.814814814814814548e-01 5.213373578353197590e-01 2.043561027607996572e-01 8.123565566664338045e-01 3.235414116687067021e-01 2.051851851851851649e-01 8.027522935779816959e-02 1.190000000000000000e+02 6.400000000000000000e+01
1.490000000000000000e+02 0.000000000000000000e+00 9.846153846153846700e-01 3.333333333333333148e-01 2.686567164179104461e-01 3.703703703703704053e-01 2.584152475456821807e-01 8.922713902348827775e-02 8.613048727612554467e-01 4.655242758057935859e-01 3.440740740740741432e-01 1.819571865443424807e-01 1.180000000000000000e+02 6.800000000000000000e+01
1.500000000000000000e+02 0.000000000000000000e+00 6.153846153846154188e-01 2.156862745098039325e-01 4.925373134328358549e-01 2.962962962962962798e-01 5.999788734947596458e-01 1.420023307355371411e-01 8.747003072475831864e-01 4.043247654018767290e-01 5.003703703703703543e-01 1.475535168195718505e-01 1.240000000000000000e+02 7.900000000000000000e+01
1.510000000000000000e+02 0.000000000000000000e+00 8.769230769230769162e-01 9.803921568627450844e-02 2.835820895522387919e-01 1.296296296296296224e-01 4.283120698338088173e-01 1.656058155474452731e-01 8.491330572214099703e-01 2.953896368829049268e-01 4.040740740740740300e-01 1.454510703363914581e-01 1.350000000000000000e+02 6.300000000000000000e+01
1.520000000000000000e+02 0.000000000000000000e+00 5.076923076923076650e-01 1.764705882352941291e-01 7.313432835820895539e-01 3.333333333333333148e-01 9.288407909747750102e-01 2.083772857771043763e-01 8.027507433492919731e-01 3.782129742962056507e-01 2.659259259259258990e-01 1.097094801223241628e-01 1.150000000000000000e+02 7.100000000000000000e+01
1.530000000000000000e+02 0.000000000000000000e+00 7.538461538461538325e-01 2.549019607843137081e-01 1.940298507462686617e-01 4.814814814814814548e-01 2.167848006316269727e-01 1.098394745524670785e-01 8.813877919848297493e-01 3.598531211750306547e-01 2.051851851851851649e-01 1.024464831804281356e-01 1.350000000000000000e+02 6.900000000000000000e+01
1.540000000000000000e+02 0.000000000000000000e+00 9.692307692307692291e-01 3.333333333333333148e-01 6.567164179104477695e-01 3.148148148148148251e-01 6.935331927280397046e-01 1.152722315237147827e-01 8.843362726529063744e-01 3.476132190942473055e-01 4.248148148148147563e-01 1.729740061162079456e-01 1.490000000000000000e+02 7.000000000000000000e+01
1.550000000000000000e+02 1.000000000000000000e+00 8.769230769230769162e-01 3.921568627450980338e-01 5.970149253731343170e-02 2.222222222222222099e-01 0.000000000000000000e+00 1.931185589030517402e-01 7.619038206229974408e-01 6.691146470828233106e-01 1.625925925925925941e-01 1.248088685015290578e-01 1.630000000000000000e+02 6.300000000000000000e+01
1.560000000000000000e+02 1.000000000000000000e+00 7.692307692307692735e-01 2.941176470588235392e-01 2.089552238805970352e-01 2.962962962962962798e-01 2.125239017647305440e-01 1.938258466504262645e-01 8.227939463491429350e-01 3.353733170134639008e-01 2.170370370370370283e-01 1.311162079510703460e-01 1.360000000000000000e+02 6.800000000000000000e+01
1.570000000000000000e+02 1.000000000000000000e+00 5.384615384615384359e-01 3.725490196078431460e-01 3.582089552238805763e-01 1.111111111111111049e-01 3.344857234331667928e-01 1.724108154442127727e-01 7.901712740870253660e-01 5.883312933496531727e-01 1.377777777777778045e-01 1.706804281345565555e-01 1.580000000000000000e+02 8.800000000000000000e+01
1.580000000000000000e+02 1.000000000000000000e+00 5.230769230769231060e-01 5.490196078431373028e-01 5.373134328358208922e-01 2.962962962962962798e-01 4.112925911675704982e-01 8.284665338825918102e-02 9.357043707522892939e-01 3.525091799265605563e-01 2.448148148148148184e-01 8.084862385321101019e-02 1.130000000000000000e+02 6.700000000000000000e+01
1.600000000000000000e+02 1.000000000000000000e+00 7.846153846153846034e-01 3.725490196078431460e-01 2.835820895522387919e-01 5.555555555555555802e-01 2.528376419814938880e-01 2.736139503006964624e-01 5.721217034517537270e-01 2.468380252957976528e-01 1.274074074074074137e-01 1.613149847094801081e-01 1.360000000000000000e+02 6.400000000000000000e+01
1.610000000000000000e+02 1.000000000000000000e+00 6.461538461538461897e-01 3.921568627450980338e-01 2.835820895522387919e-01 5.555555555555555802e-01 2.419842202450897262e-01 1.439467305709961342e-01 8.612107241370022814e-01 3.317013463892289349e-01 2.288888888888889195e-01 9.537461773700306455e-02 1.150000000000000000e+02 6.200000000000000000e+01
1.620000000000000000e+02 1.000000000000000000e+00 6.923076923076921796e-01 5.882352941176470784e-01 7.313432835820895539e-01 1.111111111111111049e-01 5.737166016314195760e-01 1.088776256371935119e-01 9.020481814231317008e-01 3.349653202774376948e-01 2.299999999999999822e-01 9.671253822629970187e-02 1.470000000000000000e+02 7.000000000000000000e+01
1.630000000000000000e+02 1.000000000000000000e+00 5.999999999999999778e-01 5.490196078431373028e-01 6.567164179104477695e-01 4.444444444444444198e-01 5.286907961847345794e-01 5.883554045736860000e-02 9.422473324853891663e-01 2.766217870257037803e-01 1.755555555555555758e-01 1.588302752293578035e-01 1.070000000000000000e+02 7.300000000000000000e+01
1.640000000000000000e+02 1.000000000000000000e+00 7.692307692307692735e-02 6.470588235294117974e-01 3.582089552238805763e-01 2.222222222222222099e-01 1.864244884916407552e-01 2.596273761728565277e-01 5.800414957115767045e-01 2.994696042431660987e-01 1.103703703703703826e-01 1.158256880733944810e-01 1.150000000000000000e+02 7.500000000000000000e+01
1.650000000000000000e+02 1.000000000000000000e+00 3.384615384615384248e-01 3.333333333333333148e-01 3.432835820895522860e-01 2.777777777777777901e-01 3.420917754653663434e-01 2.284316733520167786e-01 7.943994324173567767e-01 5.022439820481435779e-01 3.537037037037036868e-01 1.123853211009174236e-01 1.120000000000000000e+02 6.800000000000000000e+01
1.660000000000000000e+02 0.000000000000000000e+00 4.923076923076923350e-01 4.509803921568627527e-01 3.283582089552238847e-01 7.592592592592591894e-01 2.572625606814825105e-01 1.333934583783578931e-01 8.946889095851576768e-01 2.325581395348836899e-01 1.581481481481481488e-01 1.087538226299694100e-01 1.350000000000000000e+02 8.900000000000000000e+01
1.670000000000000000e+02 0.000000000000000000e+00 5.538461538461538769e-01 2.352941176470587925e-01 1.194029850746268634e-01 2.777777777777777901e-01 1.387105241287525381e-01 1.402856150287482562e-01 8.900449225891549077e-01 2.819257445940432372e-01 3.422222222222222054e-01 1.462155963302752271e-01 1.070000000000000000e+02 6.000000000000000000e+01
1.690000000000000000e+02 1.000000000000000000e+00 8.461538461538461453e-01 3.333333333333333148e-01 3.582089552238805763e-01 3.333333333333333148e-01 3.588270810493031093e-01 3.037689011420697249e-01 7.604853099053484611e-01 2.941656466748265863e-01 1.729629629629629850e-01 9.594801223241589128e-02 1.400000000000000000e+02 7.200000000000000000e+01
1.700000000000000000e+02 0.000000000000000000e+00 6.153846153846154188e-01 3.921568627450980338e-01 4.776119402985074536e-01 1.481481481481481399e-01 4.517038777908341518e-01 1.716345938988503572e-01 8.503338073493594829e-01 2.831497348021215776e-01 3.692592592592592315e-01 1.148700305810397698e-01 1.280000000000000000e+02 7.300000000000000000e+01
1.710000000000000000e+02 0.000000000000000000e+00 4.000000000000000777e-01 1.960784313725490169e-01 8.059701492537313383e-01 1.666666666666666574e-01 1.000000000000000000e+00 8.740569276808175803e-02 9.269531383709853634e-01 2.329661362709098127e-01 1.451851851851851671e-01 1.995412844036697220e-01 1.480000000000000000e+02 8.800000000000000000e+01
1.720000000000000000e+02 0.000000000000000000e+00 1.692307692307692124e-01 1.176470588235293963e-01 3.731343283582089776e-01 5.000000000000000000e-01 5.297134802105024631e-01 6.119055095867836219e-02 9.382240342399302824e-01 3.166054671562627543e-01 1.688888888888888939e-01 1.584480122324158913e-01 1.010000000000000000e+02 7.000000000000000000e+01
1.730000000000000000e+02 0.000000000000000000e+00 4.923076923076923350e-01 2.745098039215686514e-01 2.388059701492537268e-01 4.629629629629629650e-01 2.580935293180096624e-01 2.043520277487964887e-01 7.993985331478712375e-01 3.149734802121583188e-01 2.092592592592592560e-01 9.575688073394494904e-02 1.100000000000000000e+02 6.300000000000000000e+01
1.740000000000000000e+02 0.000000000000000000e+00 2.923076923076923239e-01 2.549019607843137081e-01 2.985074626865671377e-01 3.518518518518518601e-01 3.399385227199888670e-01 9.911792363742595591e-02 9.256940530199905259e-01 2.725418196654427194e-01 1.403703703703703676e-01 8.562691131498471886e-02 1.200000000000000000e+02 6.300000000000000000e+01
1.750000000000000000e+02 1.000000000000000000e+00 6.923076923076921796e-01 3.921568627450980338e-01 4.328358208955223607e-01 3.333333333333333148e-01 4.033070337418162565e-01 1.727731993277441536e-01 8.787265915513157166e-01 2.900856793145654700e-01 3.503703703703703876e-01 1.743119266055045691e-01 1.250000000000000000e+02 7.400000000000000000e+01
1.760000000000000000e+02 1.000000000000000000e+00 4.923076923076923350e-01 5.882352941176470784e-01 3.880597014925373234e-01 1.296296296296296224e-01 2.438674171699903859e-01 1.797204561200043960e-01 8.626067041225166099e-01 3.357813137494899958e-01 2.174074074074074103e-01 1.485091743119265895e-01 9.800000000000000000e+01 5.900000000000000000e+01
1.780000000000000000e+02 1.000000000000000000e+00 6.153846153846154188e-01 3.921568627450980338e-01 3.582089552238805763e-01 8.518518518518517491e-01 3.226456269934530052e-01 6.293658897945980657e-02 9.279578682685493130e-01 2.749898000815993448e-01 1.837037037037037024e-01 1.880733944954128545e-01 1.490000000000000000e+02 8.400000000000000000e+01
1.790000000000000000e+02 0.000000000000000000e+00 6.615384615384615197e-01 1.176470588235293963e-01 1.343283582089552231e-01 3.148148148148148251e-01 2.215155171423298652e-01 1.915567492624095924e-01 6.457546185737048638e-01 2.313341493268053772e-01 1.211111111111111138e-01 1.330275229357798239e-01 1.170000000000000000e+02 8.200000000000000000e+01
1.800000000000000000e+02 1.000000000000000000e+00 8.615384615384615863e-01 4.901960784313725283e-01 3.731343283582089776e-01 4.444444444444444198e-01 2.817427579312639652e-01 1.911497583570433700e-01 8.368973524403603426e-01 3.537331701346388968e-01 1.466666666666666674e-01 1.410550458715596200e-01 1.380000000000000000e+02 6.900000000000000000e+01
1.820000000000000000e+02 0.000000000000000000e+00 7.076923076923077316e-01 2.156862745098039325e-01 2.985074626865671377e-01 1.666666666666666574e-01 3.653627625199530882e-01 1.661454758844903845e-01 8.700397832989246183e-01 3.255813953488371770e-01 2.292592592592592737e-01 1.196483180428134646e-01 1.130000000000000000e+02 5.500000000000000000e+01
1.830000000000000000e+02 1.000000000000000000e+00 4.461538461538461786e-01 2.941176470588235392e-01 3.582089552238805763e-01 3.888888888888888951e-01 3.840869329150578548e-01 6.203788293661302577e-02 9.616066670811990180e-01 4.830681354549162809e-01 3.785185185185184764e-01 1.802370030581039728e-01 1.310000000000000000e+02 7.200000000000000000e+01
1.840000000000000000e+02 1.000000000000000000e+00 2.153846153846153966e-01 5.882352941176470784e-01 4.776119402985074536e-01 1.296296296296296224e-01 3.299150305077545031e-01 1.479219742942909088e-01 9.062459576406035611e-01 4.969400244798041766e-01 1.300000000000000044e-01 1.831039755351682174e-01 1.270000000000000000e+02 7.800000000000000000e+01
