2.000000000000000000e+00 1.000000000000000000e+00 3.636363636363636465e-01 1.666666666666666574e-01 4.500000000000000111e-01 8.636363636363636465e-01 5.696856533832418412e-01 1.000000000000000000e+00 8.012769349762137727e-01 1.610000000000000000e+02 8.900000000000000000e+01
2.000000000000000000e+00 1.000000000000000000e+00 3.636363636363636465e-01 1.666666666666666574e-01 4.500000000000000111e-01 8.636363636363636465e-01 5.696856533832418412e-01 5.285508013394977223e-01 9.028521806828569973e-01 1.610000000000000000e+02 8.900000000000000000e+01
2.000000000000000000e+00 1.000000000000000000e+00 3.636363636363636465e-01 1.666666666666666574e-01 4.500000000000000111e-01 8.636363636363636465e-01 5.696856533832418412e-01 6.043413823356483805e-01 8.903508146719266714e-01 1.610000000000000000e+02 8.900000000000000000e+01
3.000000000000000000e+00 1.000000000000000000e+00 4.545454545454545303e-01 3.750000000000000000e-01 1.250000000000000000e-01 3.863636363636363535e-01 1.992411782595524261e-01 8.388265347063592059e-02 9.799659502119822951e-01 1.600000000000000000e+02 9.300000000000000000e+01
3.000000000000000000e+00 1.000000000000000000e+00 4.545454545454545303e-01 3.750000000000000000e-01 1.250000000000000000e-01 3.863636363636363535e-01 1.992411782595524261e-01 6.173880376495579497e-02 9.765381723818433723e-01 1.600000000000000000e+02 9.300000000000000000e+01
3.000000000000000000e+00 1.000000000000000000e+00 4.545454545454545303e-01 3.750000000000000000e-01 1.250000000000000000e-01 3.863636363636363535e-01 1.992411782595524261e-01 5.406621243985985231e-02 9.872391947375076526e-01 1.600000000000000000e+02 9.300000000000000000e+01
6.000000000000000000e+00 1.000000000000000000e+00 4.000000000000000222e-01 8.333333333333332871e-02 5.000000000000000278e-02 4.545454545454545303e-01 2.312869018653690711e-01 0.000000000000000000e+00 9.874808794063780759e-01 1.010000000000000000e+02 7.100000000000000000e+01
6.000000000000000000e+00 1.000000000000000000e+00 4.000000000000000222e-01 8.333333333333332871e-02 5.000000000000000278e-02 4.545454545454545303e-01 2.312869018653690711e-01 1.855133254668518972e-01 9.767892252533997288e-01 1.010000000000000000e+02 7.100000000000000000e+01
6.000000000000000000e+00 1.000000000000000000e+00 4.000000000000000222e-01 8.333333333333332871e-02 5.000000000000000278e-02 4.545454545454545303e-01 2.312869018653690711e-01 3.020342489256170326e-01 9.419121281236647603e-01 1.010000000000000000e+02 7.100000000000000000e+01
8.000000000000000000e+00 0.000000000000000000e+00 3.636363636363636465e-01 1.000000000000000000e+00 5.000000000000000000e-01 6.363636363636363535e-01 2.887084419769218036e-01 2.096419743607102204e-01 9.629431095899141368e-01 1.360000000000000000e+02 9.300000000000000000e+01
8.000000000000000000e+00 0.000000000000000000e+00 3.636363636363636465e-01 1.000000000000000000e+00 5.000000000000000000e-01 6.363636363636363535e-01 2.887084419769218036e-01 1.240871564392092841e-01 9.676856852742323767e-01 1.360000000000000000e+02 9.300000000000000000e+01
8.000000000000000000e+00 0.000000000000000000e+00 3.636363636363636465e-01 1.000000000000000000e+00 5.000000000000000000e-01 6.363636363636363535e-01 2.887084419769218036e-01 1.510920273230174360e-01 9.678842554362983019e-01 1.360000000000000000e+02 9.300000000000000000e+01
9.000000000000000000e+00 1.000000000000000000e+00 3.818181818181818343e-01 2.916666666666666852e-01 5.000000000000000000e-01 3.181818181818181768e-01 5.583941605839416455e-01 7.562955946887611747e-02 9.912694843103140308e-01 1.230000000000000000e+02 7.300000000000000000e+01
9.000000000000000000e+00 1.000000000000000000e+00 3.818181818181818343e-01 2.916666666666666852e-01 5.000000000000000000e-01 3.181818181818181768e-01 5.583941605839416455e-01 3.715450975989599558e-02 9.894539306077849705e-01 1.230000000000000000e+02 7.300000000000000000e+01
9.000000000000000000e+00 1.000000000000000000e+00 3.818181818181818343e-01 2.916666666666666852e-01 5.000000000000000000e-01 3.181818181818181768e-01 5.583941605839416455e-01 6.752308604536007286e-02 9.798792367546905746e-01 1.230000000000000000e+02 7.300000000000000000e+01
1.000000000000000000e+01 1.000000000000000000e+00 4.181818181818181546e-01 5.000000000000000000e-01 5.749999999999999556e-01 2.500000000000000000e-01 5.322600650091240393e-01 1.281204933736666274e-01 9.795168228917208175e-01 1.240000000000000000e+02 6.200000000000000000e+01
1.000000000000000000e+01 1.000000000000000000e+00 4.181818181818181546e-01 5.000000000000000000e-01 5.749999999999999556e-01 2.500000000000000000e-01 5.322600650091240393e-01 1.221220037845177075e-01 9.744490426133782801e-01 1.240000000000000000e+02 6.200000000000000000e+01
1.000000000000000000e+01 1.000000000000000000e+00 4.181818181818181546e-01 5.000000000000000000e-01 5.749999999999999556e-01 2.500000000000000000e-01 5.322600650091240393e-01 6.907926044328535631e-02 9.862443937960065909e-01 1.240000000000000000e+02 6.200000000000000000e+01
1.100000000000000000e+01 1.000000000000000000e+00 4.181818181818181546e-01 2.083333333333333426e-01 1.000000000000000056e-01 5.681818181818182323e-01 2.335802282046988143e-01 1.708693861727042518e-01 9.653022686399875818e-01 1.260000000000000000e+02 7.800000000000000000e+01
1.100000000000000000e+01 1.000000000000000000e+00 4.181818181818181546e-01 2.083333333333333426e-01 1.000000000000000056e-01 5.681818181818182323e-01 2.335802282046988143e-01 4.825708668327005624e-02 9.661321555349609014e-01 1.260000000000000000e+02 7.800000000000000000e+01
1.100000000000000000e+01 1.000000000000000000e+00 4.181818181818181546e-01 2.083333333333333426e-01 1.000000000000000056e-01 5.681818181818182323e-01 2.335802282046988143e-01 6.532028688896794610e-02 9.787325012370000632e-01 1.260000000000000000e+02 7.800000000000000000e+01
1.200000000000000000e+01 1.000000000000000000e+00 5.090909090909090384e-01 5.000000000000000000e-01 6.250000000000000000e-01 5.681818181818182323e-01 5.737037380246349239e-01 2.807520412131533916e-01 9.709498161020683193e-01 1.080000000000000000e+02 7.300000000000000000e+01
1.200000000000000000e+01 1.000000000000000000e+00 5.090909090909090384e-01 5.000000000000000000e-01 6.250000000000000000e-01 5.681818181818182323e-01 5.737037380246349239e-01 2.748277323792894800e-01 9.216662923894327619e-01 1.080000000000000000e+02 7.300000000000000000e+01
1.200000000000000000e+01 1.000000000000000000e+00 5.090909090909090384e-01 5.000000000000000000e-01 6.250000000000000000e-01 5.681818181818182323e-01 5.737037380246349239e-01 1.601581034520232205e-01 9.502907319439435341e-01 1.080000000000000000e+02 7.300000000000000000e+01
1.300000000000000000e+01 0.000000000000000000e+00 5.999999999999999778e-01 7.083333333333333703e-01 2.500000000000000000e-01 9.090909090909091161e-02 1.948499594484995601e-01 6.826407333825255108e-01 8.404544314780709735e-01 8.900000000000000000e+01 4.200000000000000000e+01
1.300000000000000000e+01 0.000000000000000000e+00 5.999999999999999778e-01 7.083333333333333703e-01 2.500000000000000000e-01 9.090909090909091161e-02 1.948499594484995601e-01 6.867131114988545004e-01 8.249096596585215879e-01 8.900000000000000000e+01 4.200000000000000000e+01
1.300000000000000000e+01 0.000000000000000000e+00 5.999999999999999778e-01 7.083333333333333703e-01 2.500000000000000000e-01 9.090909090909091161e-02 1.948499594484995601e-01 6.782251676828729980e-01 8.394361659228088968e-01 8.900000000000000000e+01 4.200000000000000000e+01
1.400000000000000000e+01 1.000000000000000000e+00 4.000000000000000222e-01 8.333333333333332871e-02 5.000000000000000278e-02 2.272727272727272652e-01 2.312869018653690711e-01 3.875911018815579867e-01 8.346153352631383582e-01 9.800000000000000000e+01 5.600000000000000000e+01
1.400000000000000000e+01 1.000000000000000000e+00 4.000000000000000222e-01 8.333333333333332871e-02 5.000000000000000278e-02 2.272727272727272652e-01 2.312869018653690711e-01 4.110515213519138622e-01 8.550304504682652018e-01 9.800000000000000000e+01 5.600000000000000000e+01
1.400000000000000000e+01 1.000000000000000000e+00 4.000000000000000222e-01 8.333333333333332871e-02 5.000000000000000278e-02 2.272727272727272652e-01 2.312869018653690711e-01 4.542194368139393368e-01 8.839867865450029560e-01 9.800000000000000000e+01 5.600000000000000000e+01
1.500000000000000000e+01 0.000000000000000000e+00 3.636363636363636187e-02 9.166666666666666297e-01 1.000000000000000000e+00 7.954545454545454142e-01 6.834075783598109188e-01 2.881720578310661418e-01 9.474768886601299123e-01 1.240000000000000000e+02 8.500000000000000000e+01
1.500000000000000000e+01 0.000000000000000000e+00 3.636363636363636187e-02 9.166666666666666297e-01 1.000000000000000000e+00 7.954545454545454142e-01 6.834075783598109188e-01 2.523130059937128689e-01 9.474311789267481076e-01 1.240000000000000000e+02 8.500000000000000000e+01
1.500000000000000000e+01 0.000000000000000000e+00 3.636363636363636187e-02 9.166666666666666297e-01 1.000000000000000000e+00 7.954545454545454142e-01 6.834075783598109188e-01 1.766344806195338235e-01 9.527719034533592701e-01 1.240000000000000000e+02 8.500000000000000000e+01
1.600000000000000000e+01 1.000000000000000000e+00 4.000000000000000222e-01 8.333333333333332871e-02 1.499999999999999944e-01 4.318181818181818232e-01 3.255942822384428892e-01 5.096044239618060523e-01 8.384510648876941641e-01 1.370000000000000000e+02 8.000000000000000000e+01
1.600000000000000000e+01 1.000000000000000000e+00 4.000000000000000222e-01 8.333333333333332871e-02 1.499999999999999944e-01 4.318181818181818232e-01 3.255942822384428892e-01 5.218944239602094637e-01 8.930203621952305104e-01 1.370000000000000000e+02 8.000000000000000000e+01
1.600000000000000000e+01 1.000000000000000000e+00 4.000000000000000222e-01 8.333333333333332871e-02 1.499999999999999944e-01 4.318181818181818232e-01 3.255942822384428892e-01 5.204846536012465164e-01 8.512955045881186456e-01 1.370000000000000000e+02 8.000000000000000000e+01
1.700000000000000000e+01 1.000000000000000000e+00 4.181818181818181546e-01 2.916666666666666852e-01 2.999999999999999889e-01 3.636363636363636465e-01 3.817518248175182927e-01 2.085651446924973174e-01 9.551221025785430196e-01 1.170000000000000000e+02 7.000000000000000000e+01
1.700000000000000000e+01 1.000000000000000000e+00 4.181818181818181546e-01 2.916666666666666852e-01 2.999999999999999889e-01 3.636363636363636465e-01 3.817518248175182927e-01 2.778081008144574482e-01 9.342546469795826036e-01 1.170000000000000000e+02 7.000000000000000000e+01
1.700000000000000000e+01 1.000000000000000000e+00 4.181818181818181546e-01 2.916666666666666852e-01 2.999999999999999889e-01 3.636363636363636465e-01 3.817518248175182927e-01 4.271537759436828119e-01 9.096826787792554603e-01 1.170000000000000000e+02 7.000000000000000000e+01
1.800000000000000000e+01 1.000000000000000000e+00 4.727272727272727182e-01 5.000000000000000000e-01 7.500000000000000000e-01 5.681818181818182323e-01 6.773129205634123018e-01 7.758761328431207360e-01 7.887799315013891421e-01 1.180000000000000000e+02 7.100000000000000000e+01
1.800000000000000000e+01 1.000000000000000000e+00 4.727272727272727182e-01 5.000000000000000000e-01 7.500000000000000000e-01 5.681818181818182323e-01 6.773129205634123018e-01 6.309325436975513623e-01 9.042099501770344272e-01 1.180000000000000000e+02 7.100000000000000000e+01
1.800000000000000000e+01 1.000000000000000000e+00 4.727272727272727182e-01 5.000000000000000000e-01 7.500000000000000000e-01 5.681818181818182323e-01 6.773129205634123018e-01 6.370630292242964732e-01 8.668950367895100761e-01 1.180000000000000000e+02 7.100000000000000000e+01
1.900000000000000000e+01 1.000000000000000000e+00 3.636363636363636187e-02 8.333333333333332871e-02 4.249999999999999889e-01 5.681818181818182323e-01 5.849395782643957986e-01 6.391551544911682203e-01 9.061037084001271058e-01 1.070000000000000000e+02 6.300000000000000000e+01
1.900000000000000000e+01 1.000000000000000000e+00 3.636363636363636187e-02 8.333333333333332871e-02 4.249999999999999889e-01 5.681818181818182323e-01 5.849395782643957986e-01 3.097597650631459532e-01 9.470967981419697868e-01 1.070000000000000000e+02 6.300000000000000000e+01
1.900000000000000000e+01 1.000000000000000000e+00 3.636363636363636187e-02 8.333333333333332871e-02 4.249999999999999889e-01 5.681818181818182323e-01 5.849395782643957986e-01 4.287160893738081735e-01 9.359243000608028495e-01 1.070000000000000000e+02 6.300000000000000000e+01
2.100000000000000000e+01 1.000000000000000000e+00 4.181818181818181546e-01 8.333333333333332871e-02 2.999999999999999889e-01 4.772727272727272929e-01 4.670553527980533803e-01 1.785287007051775676e-01 9.193585745554818667e-01 1.780000000000000000e+02 8.600000000000000000e+01
2.100000000000000000e+01 1.000000000000000000e+00 4.181818181818181546e-01 8.333333333333332871e-02 2.999999999999999889e-01 4.772727272727272929e-01 4.670553527980533803e-01 8.135627558548886862e-01 8.548854819797734317e-01 1.780000000000000000e+02 8.600000000000000000e+01
2.100000000000000000e+01 1.000000000000000000e+00 4.181818181818181546e-01 8.333333333333332871e-02 2.999999999999999889e-01 4.772727272727272929e-01 4.670553527980533803e-01 4.581207444159833830e-01 8.364811364529747273e-01 1.780000000000000000e+02 8.600000000000000000e+01
2.200000000000000000e+01 0.000000000000000000e+00 5.636363636363636020e-01 7.916666666666666297e-01 2.500000000000000000e-01 7.727272727272727071e-01 1.693348082453041137e-01 5.039067428427667084e-01 8.873717469241969580e-01 1.240000000000000000e+02 7.500000000000000000e+01
2.200000000000000000e+01 0.000000000000000000e+00 5.636363636363636020e-01 7.916666666666666297e-01 2.500000000000000000e-01 7.727272727272727071e-01 1.693348082453041137e-01 2.521537748557463599e-01 9.272721639936933880e-01 1.240000000000000000e+02 7.500000000000000000e+01
2.200000000000000000e+01 0.000000000000000000e+00 5.636363636363636020e-01 7.916666666666666297e-01 2.500000000000000000e-01 7.727272727272727071e-01 1.693348082453041137e-01 3.445314419673737860e-01 9.275222465016558226e-01 1.240000000000000000e+02 7.500000000000000000e+01
2.300000000000000000e+01 1.000000000000000000e+00 0.000000000000000000e+00 5.000000000000000000e-01 1.749999999999999889e-01 3.863636363636363535e-01 2.007106808850365187e-01 3.609941956387285322e-01 9.253529866299862183e-01 9.500000000000000000e+01 5.700000000000000000e+01
2.300000000000000000e+01 1.000000000000000000e+00 0.000000000000000000e+00 5.000000000000000000e-01 1.749999999999999889e-01 3.863636363636363535e-01 2.007106808850365187e-01 1.975769734711606829e-01 9.357240771763860598e-01 9.500000000000000000e+01 5.700000000000000000e+01
2.300000000000000000e+01 1.000000000000000000e+00 0.000000000000000000e+00 5.000000000000000000e-01 1.749999999999999889e-01 3.863636363636363535e-01 2.007106808850365187e-01 4.191635896837846986e-01 9.256330736548856741e-01 9.500000000000000000e+01 5.700000000000000000e+01
2.400000000000000000e+01 1.000000000000000000e+00 3.818181818181818343e-01 8.333333333333332871e-02 7.499999999999999722e-02 4.545454545454545303e-01 2.548637469586373938e-01 4.191635896837846986e-01 9.256330736548856741e-01 1.140000000000000000e+02 6.500000000000000000e+01
2.400000000000000000e+01 1.000000000000000000e+00 3.818181818181818343e-01 8.333333333333332871e-02 7.499999999999999722e-02 4.545454545454545303e-01 2.548637469586373938e-01 4.402785267231751343e-01 8.833353490101417682e-01 1.140000000000000000e+02 6.500000000000000000e+01
2.400000000000000000e+01 1.000000000000000000e+00 3.818181818181818343e-01 8.333333333333332871e-02 7.499999999999999722e-02 4.545454545454545303e-01 2.548637469586373938e-01 3.821632764265666116e-01 9.189237429067679264e-01 1.140000000000000000e+02 6.500000000000000000e+01
2.500000000000000000e+01 0.000000000000000000e+00 4.727272727272727182e-01 8.333333333333333703e-01 8.750000000000000000e-01 2.954545454545454697e-01 6.268005073075457734e-01 4.530604656604138025e-01 8.894737793760808531e-01 1.610000000000000000e+02 8.900000000000000000e+01
2.500000000000000000e+01 0.000000000000000000e+00 4.727272727272727182e-01 8.333333333333333703e-01 8.750000000000000000e-01 2.954545454545454697e-01 6.268005073075457734e-01 3.754352712272049364e-01 9.003782964029870550e-01 1.610000000000000000e+02 8.900000000000000000e+01
2.500000000000000000e+01 0.000000000000000000e+00 4.727272727272727182e-01 8.333333333333333703e-01 8.750000000000000000e-01 2.954545454545454697e-01 6.268005073075457734e-01 7.963893965456931845e-01 8.520740486822876436e-01 1.610000000000000000e+02 8.900000000000000000e+01
2.600000000000000000e+01 0.000000000000000000e+00 5.272727272727272263e-01 9.166666666666666297e-01 6.250000000000000000e-01 5.227272727272727071e-01 4.080724496754476460e-01 5.979202258920427449e-01 8.832161487457180771e-01 1.250000000000000000e+02 7.500000000000000000e+01
2.600000000000000000e+01 0.000000000000000000e+00 5.272727272727272263e-01 9.166666666666666297e-01 6.250000000000000000e-01 5.227272727272727071e-01 4.080724496754476460e-01 5.817006679675841285e-01 8.852945802892399074e-01 1.250000000000000000e+02 7.500000000000000000e+01
2.600000000000000000e+01 0.000000000000000000e+00 5.272727272727272263e-01 9.166666666666666297e-01 6.250000000000000000e-01 5.227272727272727071e-01 4.080724496754476460e-01 5.160670309725438054e-01 8.863442319854831775e-01 1.250000000000000000e+02 7.500000000000000000e+01
2.700000000000000000e+01 0.000000000000000000e+00 4.727272727272727182e-01 9.166666666666666297e-01 6.250000000000000000e-01 1.000000000000000000e+00 4.080724496754476460e-01 9.475316568718933352e-01 8.038708139754701110e-01 1.150000000000000000e+02 6.400000000000000000e+01
2.700000000000000000e+01 0.000000000000000000e+00 4.727272727272727182e-01 9.166666666666666297e-01 6.250000000000000000e-01 1.000000000000000000e+00 4.080724496754476460e-01 4.272582372598385247e-01 8.843625067282792074e-01 1.150000000000000000e+02 6.400000000000000000e+01
2.700000000000000000e+01 0.000000000000000000e+00 4.727272727272727182e-01 9.166666666666666297e-01 6.250000000000000000e-01 1.000000000000000000e+00 4.080724496754476460e-01 4.577071678633851670e-01 8.869505332437467304e-01 1.150000000000000000e+02 6.400000000000000000e+01
2.900000000000000000e+01 0.000000000000000000e+00 4.727272727272727182e-01 9.166666666666666297e-01 3.750000000000000000e-01 7.272727272727272929e-01 2.245156972192053346e-01 1.587069747895029082e-01 9.663505310009620208e-01 1.290000000000000000e+02 8.100000000000000000e+01
2.900000000000000000e+01 0.000000000000000000e+00 4.727272727272727182e-01 9.166666666666666297e-01 3.750000000000000000e-01 7.272727272727272929e-01 2.245156972192053346e-01 2.349128186505050897e-01 9.609096357772286545e-01 1.290000000000000000e+02 8.100000000000000000e+01
2.900000000000000000e+01 0.000000000000000000e+00 4.727272727272727182e-01 9.166666666666666297e-01 3.750000000000000000e-01 7.272727272727272929e-01 2.245156972192053346e-01 2.016591691282486609e-01 0.000000000000000000e+00 1.290000000000000000e+02 8.100000000000000000e+01
3.000000000000000000e+01 0.000000000000000000e+00 1.000000000000000000e+00 9.166666666666666297e-01 6.250000000000000000e-01 3.181818181818181768e-01 4.080724496754476460e-01 7.698833931327110358e-01 8.379066121603354622e-01 1.730000000000000000e+02 9.000000000000000000e+01
3.000000000000000000e+01 0.000000000000000000e+00 1.000000000000000000e+00 9.166666666666666297e-01 6.250000000000000000e-01 3.181818181818181768e-01 4.080724496754476460e-01 1.838475933544839735e-01 9.658727522546753930e-01 1.730000000000000000e+02 9.000000000000000000e+01
3.000000000000000000e+01 0.000000000000000000e+00 1.000000000000000000e+00 9.166666666666666297e-01 6.250000000000000000e-01 3.181818181818181768e-01 4.080724496754476460e-01 1.613697804718451645e-01 9.606789290721181596e-01 1.730000000000000000e+02 9.000000000000000000e+01
3.100000000000000000e+01 1.000000000000000000e+00 7.454545454545454808e-01 8.333333333333332871e-02 2.999999999999999889e-01 5.000000000000000000e-01 4.670553527980533803e-01 8.089546485951689681e-01 8.095508427045475797e-01 1.820000000000000000e+02 1.020000000000000000e+02
3.100000000000000000e+01 1.000000000000000000e+00 7.454545454545454808e-01 8.333333333333332871e-02 2.999999999999999889e-01 5.000000000000000000e-01 4.670553527980533803e-01 7.245210623849012155e-01 7.550955938691290559e-01 1.820000000000000000e+02 1.020000000000000000e+02
3.100000000000000000e+01 1.000000000000000000e+00 7.454545454545454808e-01 8.333333333333332871e-02 2.999999999999999889e-01 5.000000000000000000e-01 4.670553527980533803e-01 7.765278855995456642e-01 8.171970260776070250e-01 1.820000000000000000e+02 1.020000000000000000e+02
3.200000000000000000e+01 0.000000000000000000e+00 3.454545454545454586e-01 9.166666666666666297e-01 5.000000000000000000e-01 1.590909090909090884e-01 3.162940734473265181e-01 5.759488967723511710e-01 8.514992822807929684e-01 1.100000000000000000e+02 6.400000000000000000e+01
3.200000000000000000e+01 0.000000000000000000e+00 3.454545454545454586e-01 9.166666666666666297e-01 5.000000000000000000e-01 1.590909090909090884e-01 3.162940734473265181e-01 3.159074087362213623e-01 9.243805932812219073e-01 1.100000000000000000e+02 6.400000000000000000e+01
3.200000000000000000e+01 0.000000000000000000e+00 3.454545454545454586e-01 9.166666666666666297e-01 5.000000000000000000e-01 1.590909090909090884e-01 3.162940734473265181e-01 3.916468093460888089e-01 9.123815612258979746e-01 1.100000000000000000e+02 6.400000000000000000e+01
3.400000000000000000e+01 1.000000000000000000e+00 6.181818181818181657e-01 1.250000000000000000e-01 7.499999999999999722e-02 4.772727272727272929e-01 2.399241277354655366e-01 5.331487179744741622e-01 8.150599859192598773e-01 1.390000000000000000e+02 8.500000000000000000e+01
3.400000000000000000e+01 1.000000000000000000e+00 6.181818181818181657e-01 1.250000000000000000e-01 7.499999999999999722e-02 4.772727272727272929e-01 2.399241277354655366e-01 3.674455616798136814e-01 9.030987931479254049e-01 1.390000000000000000e+02 8.500000000000000000e+01
3.400000000000000000e+01 1.000000000000000000e+00 6.181818181818181657e-01 1.250000000000000000e-01 7.499999999999999722e-02 4.772727272727272929e-01 2.399241277354655366e-01 3.447261178834533091e-01 9.319198860960057340e-01 1.390000000000000000e+02 8.500000000000000000e+01
3.500000000000000000e+01 0.000000000000000000e+00 6.363636363636363535e-01 8.750000000000000000e-01 6.500000000000000222e-01 5.909090909090909394e-01 4.418968671740367005e-01 5.513640765589856718e-01 8.658183982197127371e-01 1.530000000000000000e+02 7.200000000000000000e+01
3.500000000000000000e+01 0.000000000000000000e+00 6.363636363636363535e-01 8.750000000000000000e-01 6.500000000000000222e-01 5.909090909090909394e-01 4.418968671740367005e-01 5.698302129568810770e-01 8.481684971780514282e-01 1.530000000000000000e+02 7.200000000000000000e+01
3.500000000000000000e+01 0.000000000000000000e+00 6.363636363636363535e-01 8.750000000000000000e-01 6.500000000000000222e-01 5.909090909090909394e-01 4.418968671740367005e-01 4.432565885181209975e-01 8.625760085817804068e-01 1.530000000000000000e+02 7.200000000000000000e+01
3.800000000000000000e+01 1.000000000000000000e+00 4.181818181818181546e-01 5.000000000000000000e-01 7.499999999999999722e-02 6.363636363636363535e-01 1.178233348540146525e-01 3.181488064073267896e-01 9.325841852241495422e-01 1.500000000000000000e+02 9.600000000000000000e+01
3.800000000000000000e+01 1.000000000000000000e+00 4.181818181818181546e-01 5.000000000000000000e-01 7.499999999999999722e-02 6.363636363636363535e-01 1.178233348540146525e-01 3.647498446668110406e-01 9.231639444075757650e-01 1.500000000000000000e+02 9.600000000000000000e+01
3.800000000000000000e+01 1.000000000000000000e+00 4.181818181818181546e-01 5.000000000000000000e-01 7.499999999999999722e-02 6.363636363636363535e-01 1.178233348540146525e-01 4.080210745399249772e-01 9.217728431660792143e-01 1.500000000000000000e+02 9.600000000000000000e+01
4.000000000000000000e+01 0.000000000000000000e+00 3.818181818181818343e-01 7.083333333333333703e-01 2.750000000000000222e-01 2.954545454545454697e-01 2.143349553933495411e-01 3.157818825504170035e-01 9.228613510407863707e-01 1.160000000000000000e+02 5.600000000000000000e+01
4.000000000000000000e+01 0.000000000000000000e+00 3.818181818181818343e-01 7.083333333333333703e-01 2.750000000000000222e-01 2.954545454545454697e-01 2.143349553933495411e-01 3.745404644654181658e-01 9.113051517355982289e-01 1.160000000000000000e+02 5.600000000000000000e+01
4.000000000000000000e+01 0.000000000000000000e+00 3.818181818181818343e-01 7.083333333333333703e-01 2.750000000000000222e-01 2.954545454545454697e-01 2.143349553933495411e-01 4.651464555454602467e-01 8.905346410266166135e-01 1.160000000000000000e+02 5.600000000000000000e+01
4.100000000000000000e+01 1.000000000000000000e+00 3.818181818181818343e-01 2.916666666666666852e-01 1.250000000000000000e-01 1.590909090909090884e-01 2.271897810218977964e-01 4.345543667017411349e-01 8.798456741891357291e-01 1.030000000000000000e+02 6.500000000000000000e+01
4.100000000000000000e+01 1.000000000000000000e+00 3.818181818181818343e-01 2.916666666666666852e-01 1.250000000000000000e-01 1.590909090909090884e-01 2.271897810218977964e-01 3.685357238476884567e-01 9.315036635227149642e-01 1.030000000000000000e+02 6.500000000000000000e+01
4.100000000000000000e+01 1.000000000000000000e+00 3.818181818181818343e-01 2.916666666666666852e-01 1.250000000000000000e-01 1.590909090909090884e-01 2.271897810218977964e-01 3.093443340484405280e-01 9.407441133968558189e-01 1.030000000000000000e+02 6.500000000000000000e+01
4.300000000000000000e+01 0.000000000000000000e+00 5.090909090909090384e-01 2.916666666666666852e-01 1.000000000000000000e+00 6.363636363636363535e-01 1.000000000000000000e+00 3.238450921790692605e-01 9.565325169429712560e-01 1.410000000000000000e+02 7.200000000000000000e+01
4.300000000000000000e+01 0.000000000000000000e+00 5.090909090909090384e-01 2.916666666666666852e-01 1.000000000000000000e+00 6.363636363636363535e-01 1.000000000000000000e+00 7.478435402202360249e-02 1.000000000000000000e+00 1.410000000000000000e+02 7.200000000000000000e+01
4.300000000000000000e+01 0.000000000000000000e+00 5.090909090909090384e-01 2.916666666666666852e-01 1.000000000000000000e+00 6.363636363636363535e-01 1.000000000000000000e+00 9.342100075819106952e-02 9.918810870631020737e-01 1.410000000000000000e+02 7.200000000000000000e+01
4.500000000000000000e+01 0.000000000000000000e+00 1.000000000000000000e+00 7.083333333333333703e-01 0.000000000000000000e+00 0.000000000000000000e+00 0.000000000000000000e+00 8.444586054986484847e-01 8.887363185511519825e-01 1.600000000000000000e+02 7.700000000000000000e+01
4.500000000000000000e+01 0.000000000000000000e+00 1.000000000000000000e+00 7.083333333333333703e-01 0.000000000000000000e+00 0.000000000000000000e+00 0.000000000000000000e+00 6.582746659393976518e-01 9.083922743353020079e-01 1.600000000000000000e+02 7.700000000000000000e+01
